[[233517359150372163014994825493559170421,213378918946210294966872629390793647060,213151685755598481427736144242313798155],
[294441984642362044398784807098033866586,39634356144440687036348860681750831606,77387034025952742380607234188563000892],
[23615538831355779654830599562892943018,63519088456191274380019640710542929503,253679872529185857349904135135142619313],
[47572063400182730506924227259037952917,85158396158274634784491941950816817202,50321001948422780409809253317022307230],
[60617435357506910024022662642110256088,331240293578305685473631193501915135314,222385170108876649826664555666667461215],
[178699909981882603058429169099831096448,88034702623777319377912778009144833539,252877029961952460264161730396498451189],
[267598185739220162175158590204174000419,92026020682194403483905539913081204352,46925647014130306555167389096715521039],
[274623697841528696987048049191484649990,142101092498539989176731100393967437532,275438068214908118225831697851946597835],
[233367673434311034490954493197697624588,121108161165175202289509623857641201100,332873045247603541258185916925390806674],
[260445845574841989587274039344216648816,603391129051095446222976313184205109,42032088360063000208855259792372786378],
[219992012163376272931671600042944678055,173901201843292322314039699092220983712,326046758092063579497315407380958035263],
[61965021423255112852327793568488413920,101025889480944648609796162088639621611,155943398962364917169550262769466416502],
[156596856642560159814097281988584652292,5518679218262016794562554572761571287,290449888320417847077499107353564174426],
[283551603189092036536100448769331551287,199970028155199312386554576590308240979,206277913805407617604757798933910231016],
[306627306646794291754050754711174167085,53958184585558340797034001406803064219,152492140680969216744880616766202879180],
[171817505286735203105080983637891234011,51077410130326649322594990336147387527,117131131022437883977359694480520420379],
[256313432547895833192929791774606182740,72371170428309215484246087490455569336,177550332635327000512831561987262623384],
[332496300371013953511395091913353876194,90896705075150066355546248694838531425,154225615735674455374975251287597730608],
[270470299415312757360991505275543098272,157873317291609962980301834237816574184,293405965506062315519630332799257404823],
[12244951038902747983577423773904676648,75102046736757940208612831849340156077,244353075556841266382346829426146906430]]